0 0 0 
0.501961 0 0 
0 0.501961 0 
0.501961 0.501961 0 
0 0 0.501961 
0.501961 0 0.501961 
0 0.501961 0.501961 
0.501961 0.501961 0.501961 
0.25098 0 0 
0.752941 0 0 
0.25098 0.501961 0 
0.752941 0.501961 0 
0.25098 0 0.501961 
0.752941 0 0.501961 
0.25098 0.501961 0.501961 
0.752941 0.501961 0.501961 
0 0.25098 0 
0.501961 0.25098 0 
0 0.752941 0 
0.501961 0.752941 0 
0 0.25098 0.501961 
0.501961 0.25098 0.501961 
0 0.752941 0.501961 
0.501961 0.752941 0.501961 
0.25098 0.25098 0 
0.752941 0.25098 0 
0.25098 0.752941 0 
0.752941 0.752941 0 
0.25098 0.25098 0.501961 
0.752941 0.25098 0.501961 
0.25098 0.752941 0.501961 
0.752941 0.752941 0.501961 
0 0 0.25098 
0.501961 0 0.25098 
0 0.501961 0.25098 
0.501961 0.501961 0.25098 
0 0 0.752941 
0.501961 0 0.752941 
0 0.501961 0.752941 
0.501961 0.501961 0.752941 
0.25098 0 0.25098 
0.752941 0 0.25098 
0.25098 0.501961 0.25098 
0.752941 0.501961 0.25098 
0.25098 0 0.752941 
0.752941 0 0.752941 
0.25098 0.501961 0.752941 
0.752941 0.501961 0.752941 
0 0.25098 0.25098 
0.501961 0.25098 0.25098 
0 0.752941 0.25098 
0.501961 0.752941 0.25098 
0 0.25098 0.752941 
0.501961 0.25098 0.752941 
0 0.752941 0.752941 
0.501961 0.752941 0.752941 
0.25098 0.25098 0.25098 
0.752941 0.25098 0.25098 
0.25098 0.752941 0.25098 
0.752941 0.752941 0.25098 
0.25098 0.25098 0.752941 
0.752941 0.25098 0.752941 
0.25098 0.752941 0.752941 
0.752941 0.752941 0.752941 
0.12549 0 0 
0.627451 0 0 
0.12549 0.501961 0 
0.627451 0.501961 0 
0.12549 0 0.501961 
0.627451 0 0.501961 
0.12549 0.501961 0.501961 
0.627451 0.501961 0.501961 
0.376471 0 0 
0.878431 0 0 
0.376471 0.501961 0 
0.878431 0.501961 0 
0.376471 0 0.501961 
0.878431 0 0.501961 
0.376471 0.501961 0.501961 
0.878431 0.501961 0.501961 
0.12549 0.25098 0 
0.627451 0.25098 0 
0.12549 0.752941 0 
0.627451 0.752941 0 
0.12549 0.25098 0.501961 
0.627451 0.25098 0.501961 
0.12549 0.752941 0.501961 
0.627451 0.752941 0.501961 
0.376471 0.25098 0 
0.878431 0.25098 0 
0.376471 0.752941 0 
0.878431 0.752941 0 
0.376471 0.25098 0.501961 
0.878431 0.25098 0.501961 
0.376471 0.752941 0.501961 
0.878431 0.752941 0.501961 
0.12549 0 0.25098 
0.627451 0 0.25098 
0.12549 0.501961 0.25098 
0.627451 0.501961 0.25098 
0.12549 0 0.752941 
0.627451 0 0.752941 
0.12549 0.501961 0.752941 
0.627451 0.501961 0.752941 
0.376471 0 0.25098 
0.878431 0 0.25098 
0.376471 0.501961 0.25098 
0.878431 0.501961 0.25098 
0.376471 0 0.752941 
0.878431 0 0.752941 
0.376471 0.501961 0.752941 
0.878431 0.501961 0.752941 
0.12549 0.25098 0.25098 
0.627451 0.25098 0.25098 
0.12549 0.752941 0.25098 
0.627451 0.752941 0.25098 
0.12549 0.25098 0.752941 
0.627451 0.25098 0.752941 
0.12549 0.752941 0.752941 
0.627451 0.752941 0.752941 
0.376471 0.25098 0.25098 
0.878431 0.25098 0.25098 
0.376471 0.752941 0.25098 
0.878431 0.752941 0.25098 
0.376471 0.25098 0.752941 
0.878431 0.25098 0.752941 
0.376471 0.752941 0.752941 
0.878431 0.752941 0.752941 
0 0.12549 0 
0.501961 0.12549 0 
0 0.627451 0 
0.501961 0.627451 0 
0 0.12549 0.501961 
0.501961 0.12549 0.501961 
0 0.627451 0.501961 
0.501961 0.627451 0.501961 
0.25098 0.12549 0 
0.752941 0.12549 0 
0.25098 0.627451 0 
0.752941 0.627451 0 
0.25098 0.12549 0.501961 
0.752941 0.12549 0.501961 
0.25098 0.627451 0.501961 
0.752941 0.627451 0.501961 
0 0.376471 0 
0.501961 0.376471 0 
0 0.878431 0 
0.501961 0.878431 0 
0 0.376471 0.501961 
0.501961 0.376471 0.501961 
0 0.878431 0.501961 
0.501961 0.878431 0.501961 
0.25098 0.376471 0 
0.752941 0.376471 0 
0.25098 0.878431 0 
0.752941 0.878431 0 
0.25098 0.376471 0.501961 
0.752941 0.376471 0.501961 
0.25098 0.878431 0.501961 
0.752941 0.878431 0.501961 
0 0.12549 0.25098 
0.501961 0.12549 0.25098 
0 0.627451 0.25098 
0.501961 0.627451 0.25098 
0 0.12549 0.752941 
0.501961 0.12549 0.752941 
0 0.627451 0.752941 
0.501961 0.627451 0.752941 
0.25098 0.12549 0.25098 
0.752941 0.12549 0.25098 
0.25098 0.627451 0.25098 
0.752941 0.627451 0.25098 
0.25098 0.12549 0.752941 
0.752941 0.12549 0.752941 
0.25098 0.627451 0.752941 
0.752941 0.627451 0.752941 
0 0.376471 0.25098 
0.501961 0.376471 0.25098 
0 0.878431 0.25098 
0.501961 0.878431 0.25098 
0 0.376471 0.752941 
0.501961 0.376471 0.752941 
0 0.878431 0.752941 
0.501961 0.878431 0.752941 
0.25098 0.376471 0.25098 
0.752941 0.376471 0.25098 
0.25098 0.878431 0.25098 
0.752941 0.878431 0.25098 
0.25098 0.376471 0.752941 
0.752941 0.376471 0.752941 
0.25098 0.878431 0.752941 
0.752941 0.878431 0.752941 
0.12549 0.12549 0 
0.627451 0.12549 0 
0.12549 0.627451 0 
0.627451 0.627451 0 
0.12549 0.12549 0.501961 
0.627451 0.12549 0.501961 
0.12549 0.627451 0.501961 
0.627451 0.627451 0.501961 
0.376471 0.12549 0 
0.878431 0.12549 0 
0.376471 0.627451 0 
0.878431 0.627451 0 
0.376471 0.12549 0.501961 
0.878431 0.12549 0.501961 
0.376471 0.627451 0.501961 
0.878431 0.627451 0.501961 
0.12549 0.376471 0 
0.627451 0.376471 0 
0.12549 0.878431 0 
0.627451 0.878431 0 
0.12549 0.376471 0.501961 
0.627451 0.376471 0.501961 
0.12549 0.878431 0.501961 
0.627451 0.878431 0.501961 
0.376471 0.376471 0 
0.878431 0.376471 0 
0.376471 0.878431 0 
0.878431 0.878431 0 
0.376471 0.376471 0.501961 
0.878431 0.376471 0.501961 
0.376471 0.878431 0.501961 
0.878431 0.878431 0.501961 
0.12549 0.12549 0.25098 
0.627451 0.12549 0.25098 
0.12549 0.627451 0.25098 
0.627451 0.627451 0.25098 
0.12549 0.12549 0.752941 
0.627451 0.12549 0.752941 
0.12549 0.627451 0.752941 
0.627451 0.627451 0.752941 
0.376471 0.12549 0.25098 
0.878431 0.12549 0.25098 
0.376471 0.627451 0.25098 
0.878431 0.627451 0.25098 
0.376471 0.12549 0.752941 
0.878431 0.12549 0.752941 
0.376471 0.627451 0.752941 
0.878431 0.627451 0.752941 
0.12549 0.376471 0.25098 
0.627451 0.376471 0.25098 
0.12549 0.878431 0.25098 
0.627451 0.878431 0.25098 
0.12549 0.376471 0.752941 
0.627451 0.376471 0.752941 
0.12549 0.878431 0.752941 
0.627451 0.878431 0.752941 
0.376471 0.376471 0.25098 
0.878431 0.376471 0.25098 
0.376471 0.878431 0.25098 
0.878431 0.878431 0.25098 
0.376471 0.376471 0.752941 
0.878431 0.376471 0.752941 
0.376471 0.878431 0.752941 
0.878431 0.878431 0.752941 
